MEME version 4

ALPHABET= ACGT

Background letter frequencies:
A 0.1863 C 0.3146 G 0.3107 T 0.1885

MOTIF filter0
letter-probability matrix: alength= 4 w= 12 nsites= 216
0.3091 0.3364 0.2364 0.1182
0.1455 0.4818 0.1636 0.2091
0.2000 0.1545 0.5409 0.1045
0.3000 0.1909 0.2409 0.2682
0.1182 0.3000 0.1818 0.4000
0.2818 0.2227 0.2273 0.2682
0.3227 0.2455 0.1364 0.2955
0.2500 0.2727 0.2636 0.2136
0.4409 0.0818 0.1545 0.3227
0.2909 0.2136 0.1136 0.3818
0.2045 0.2682 0.3864 0.1409
0.1545 0.3182 0.3682 0.1591

MOTIF filter1
letter-probability matrix: alength= 4 w= 12 nsites= 285
0.2284 0.2491 0.2595 0.2630
0.3633 0.2630 0.1799 0.1938
0.1488 0.3010 0.0657 0.4844
0.2561 0.1799 0.2180 0.3460
0.1903 0.3668 0.2699 0.1730
0.2007 0.2007 0.2284 0.3702
0.1003 0.5848 0.2318 0.0830
0.5882 0.0450 0.1661 0.2007
0.1142 0.6851 0.0692 0.1315
0.2976 0.1522 0.1107 0.4394
0.2457 0.2526 0.2526 0.2491
0.1799 0.2803 0.3633 0.1765

MOTIF filter2
letter-probability matrix: alength= 4 w= 12 nsites= 117
0.2810 0.2314 0.2479 0.2397
0.3306 0.1901 0.1488 0.3306
0.2810 0.1818 0.0413 0.4959
0.1322 0.4876 0.3058 0.0744
0.4050 0.0331 0.1157 0.4463
0.4215 0.1488 0.0992 0.3306
0.0992 0.3554 0.4132 0.1322
0.1653 0.2810 0.2314 0.3223
0.1322 0.2149 0.3471 0.3058
0.3058 0.3306 0.1983 0.1653
0.1818 0.3223 0.2231 0.2727
0.2066 0.2810 0.2893 0.2231

MOTIF filter3
letter-probability matrix: alength= 4 w= 12 nsites= 242
0.0650 0.3984 0.3659 0.1707
0.0935 0.4390 0.3008 0.1667
0.0976 0.3089 0.4715 0.1220
0.1423 0.3699 0.3374 0.1504
0.1992 0.2805 0.3821 0.1382
0.0772 0.3455 0.4634 0.1138
0.0528 0.2154 0.6667 0.0650
0.0041 0.8211 0.1423 0.0325
0.0081 0.7073 0.2398 0.0447
0.1707 0.0732 0.7317 0.0244
0.0650 0.4472 0.4024 0.0854
0.1016 0.6098 0.2114 0.0772

MOTIF filter4
letter-probability matrix: alength= 4 w= 12 nsites= 158
0.0617 0.5432 0.3272 0.0679
0.0494 0.7099 0.0926 0.1481
0.0741 0.0370 0.7654 0.1235
0.1667 0.5062 0.1667 0.1605
0.2901 0.1481 0.3457 0.2160
0.1975 0.3519 0.1852 0.2654
0.3704 0.1481 0.2716 0.2099
0.2284 0.2593 0.1667 0.3457
0.1173 0.1790 0.5062 0.1975
0.0864 0.7099 0.0309 0.1728
0.1605 0.1111 0.6481 0.0802
0.1235 0.3827 0.4259 0.0679

MOTIF filter5
letter-probability matrix: alength= 4 w= 12 nsites= 211
0.2744 0.3163 0.2930 0.1163
0.2093 0.2651 0.3256 0.2000
0.2837 0.2884 0.3023 0.1256
0.3070 0.2698 0.2512 0.1721
0.3349 0.1535 0.3442 0.1674
0.3209 0.2233 0.1209 0.3349
0.1163 0.3209 0.2651 0.2977
0.2791 0.2372 0.1907 0.2930
0.1116 0.5256 0.1116 0.2512
0.4744 0.3814 0.0326 0.1116
0.0884 0.3442 0.5209 0.0465
0.3395 0.0698 0.4372 0.1535

MOTIF filter7
letter-probability matrix: alength= 4 w= 12 nsites= 92
0.2500 0.3021 0.3125 0.1354
0.1458 0.3958 0.3125 0.1458
0.1667 0.4688 0.1562 0.2083
0.0938 0.1875 0.3333 0.3854
0.0312 0.1042 0.8333 0.0312
0.0104 0.6354 0.3229 0.0312
0.0312 0.5417 0.4167 0.0104
0.0104 0.4167 0.5000 0.0729
0.0521 0.1562 0.7083 0.0833
0.0417 0.2812 0.3125 0.3646
0.1146 0.4062 0.3958 0.0833
0.0938 0.5104 0.2396 0.1562

MOTIF filter8
letter-probability matrix: alength= 4 w= 12 nsites= 145
0.2617 0.2081 0.3154 0.2148
0.1208 0.4094 0.3624 0.1074
0.0604 0.4362 0.3020 0.2013
0.1879 0.2215 0.3826 0.2081
0.0738 0.4698 0.3289 0.1275
0.2148 0.2215 0.3221 0.2416
0.0738 0.5906 0.2148 0.1208
0.0738 0.2685 0.5436 0.1141
0.2081 0.3490 0.4027 0.0403
0.0067 0.3960 0.4765 0.1208
0.1275 0.7919 0.0067 0.0738
0.1879 0.0134 0.7919 0.0067

MOTIF filter9
letter-probability matrix: alength= 4 w= 12 nsites= 124
0.2891 0.6250 0.0625 0.0234
0.0078 0.6250 0.3359 0.0312
0.0078 0.2969 0.0625 0.6328
0.2031 0.1562 0.5469 0.0938
0.1953 0.1719 0.3672 0.2656
0.2109 0.4062 0.2109 0.1719
0.1406 0.3281 0.2109 0.3203
0.2422 0.2422 0.2656 0.2500
0.1328 0.2578 0.3438 0.2656
0.3047 0.3359 0.2031 0.1562
0.1172 0.2422 0.3047 0.3359
0.1016 0.2344 0.2734 0.3906

MOTIF filter10
letter-probability matrix: alength= 4 w= 12 nsites= 143
0.1973 0.3810 0.1905 0.2313
0.2313 0.4490 0.2041 0.1156
0.2857 0.3469 0.1769 0.1905
0.2109 0.3061 0.3401 0.1429
0.2517 0.3401 0.1701 0.2381
0.1565 0.3605 0.2653 0.2177
0.1293 0.2721 0.3469 0.2517
0.2245 0.2517 0.2109 0.3129
0.4694 0.1497 0.2313 0.1497
0.3469 0.1837 0.1905 0.2789
0.0884 0.3129 0.4082 0.1905
0.1429 0.5510 0.2789 0.0272

MOTIF filter11
letter-probability matrix: alength= 4 w= 12 nsites= 43
0.1915 0.4255 0.1064 0.2766
0.2128 0.1489 0.4255 0.2128
0.1277 0.1915 0.0213 0.6596
0.4043 0.0851 0.2340 0.2766
0.1277 0.1915 0.3617 0.3191
0.1064 0.2553 0.1915 0.4468
0.4043 0.1277 0.1702 0.2979
0.3404 0.0851 0.1489 0.4255
0.4894 0.1915 0.1702 0.1489
0.0851 0.4894 0.3191 0.1064
0.2128 0.3404 0.2766 0.1702
0.2340 0.2979 0.1915 0.2766

MOTIF filter12
letter-probability matrix: alength= 4 w= 12 nsites= 303
0.1824 0.3681 0.2345 0.2150
0.1303 0.2769 0.4463 0.1466
0.1596 0.2704 0.4072 0.1629
0.0554 0.6384 0.2378 0.0684
0.0195 0.6156 0.3355 0.0293
0.2150 0.1596 0.5375 0.0879
0.0749 0.5700 0.2997 0.0554
0.2443 0.2345 0.1824 0.3388
0.2476 0.2671 0.2117 0.2736
0.1792 0.3127 0.3257 0.1824
0.2248 0.2443 0.0489 0.4821
0.1661 0.0684 0.2150 0.5505

MOTIF filter13
letter-probability matrix: alength= 4 w= 12 nsites= 240
0.2377 0.3730 0.2828 0.1066
0.1844 0.2090 0.4016 0.2049
0.1639 0.3033 0.2582 0.2746
0.2131 0.3648 0.2213 0.2008
0.1926 0.3811 0.1639 0.2623
0.1598 0.1967 0.4385 0.2049
0.3443 0.2459 0.2951 0.1148
0.3320 0.1598 0.1189 0.3893
0.1885 0.1967 0.0738 0.5410
0.2295 0.4426 0.0410 0.2869
0.2377 0.2705 0.4221 0.0697
0.3770 0.1475 0.2213 0.2541

MOTIF filter14
letter-probability matrix: alength= 4 w= 12 nsites= 164
0.2440 0.3631 0.2024 0.1905
0.2024 0.3512 0.2619 0.1845
0.3750 0.1607 0.1964 0.2679
0.1786 0.2798 0.2619 0.2798
0.1310 0.3036 0.1310 0.4345
0.3929 0.1012 0.1905 0.3155
0.2857 0.0714 0.1786 0.4643
0.1310 0.3333 0.4167 0.1190
0.0833 0.2798 0.2500 0.3869
0.1012 0.2917 0.3810 0.2262
0.1667 0.1369 0.4464 0.2500
0.1369 0.4286 0.2679 0.1667

MOTIF filter15
letter-probability matrix: alength= 4 w= 12 nsites= 129
0.1128 0.4962 0.2105 0.1805
0.0902 0.4286 0.1654 0.3158
0.0902 0.2632 0.2331 0.4135
0.2782 0.1353 0.2331 0.3534
0.1805 0.5113 0.2256 0.0827
0.2782 0.2481 0.0827 0.3910
0.3684 0.1429 0.3835 0.1053
0.1729 0.3684 0.1429 0.3158
0.3008 0.3459 0.1880 0.1654
0.0827 0.3534 0.1654 0.3985
0.3083 0.0977 0.1805 0.4135
0.1353 0.2782 0.3083 0.2782

