MEME version 4

ALPHABET= ACGT

Background letter frequencies:
A 0.2524 C 0.2395 G 0.2495 T 0.2586

MOTIF filter0
letter-probability matrix: alength= 4 w= 12 nsites= 226
0.2304 0.2130 0.2261 0.3304
0.2870 0.1435 0.2348 0.3348
0.2783 0.0957 0.2565 0.3696
0.0870 0.0870 0.2826 0.5435
0.0043 0.1261 0.0783 0.7913
0.0043 0.0043 0.9087 0.0826
0.6000 0.0348 0.3522 0.0130
0.2087 0.1739 0.5913 0.0261
0.3000 0.2870 0.4043 0.0087
0.2174 0.4391 0.2391 0.1043
0.0304 0.3043 0.2348 0.4304
0.2174 0.3304 0.1957 0.2565

MOTIF filter1
letter-probability matrix: alength= 4 w= 12 nsites= 194
0.5960 0.1414 0.0556 0.2071
0.0808 0.2828 0.2677 0.3687
0.0859 0.0909 0.0152 0.8081
0.3737 0.4848 0.1061 0.0354
0.9040 0.0253 0.0303 0.0404
0.0505 0.0202 0.2475 0.6818
0.0556 0.5909 0.2677 0.0859
0.0202 0.7525 0.0404 0.1869
0.0707 0.1616 0.0707 0.6970
0.1061 0.2172 0.5758 0.1010
0.1970 0.2576 0.3939 0.1515
0.2727 0.2475 0.3838 0.0960

MOTIF filter2
letter-probability matrix: alength= 4 w= 12 nsites= 252
0.0898 0.1133 0.0977 0.6992
0.0312 0.0586 0.7227 0.1875
0.5273 0.0859 0.3633 0.0234
0.4648 0.2148 0.3047 0.0156
0.0195 0.0078 0.0078 0.9648
0.0039 0.9883 0.0039 0.0039
0.8477 0.0859 0.0039 0.0625
0.2188 0.4805 0.1289 0.1719
0.1523 0.5312 0.0625 0.2539
0.1406 0.3867 0.0703 0.4023
0.2266 0.2344 0.0430 0.4961
0.2617 0.1914 0.2148 0.3320

MOTIF filter3
letter-probability matrix: alength= 4 w= 12 nsites= 27
0.2581 0.4516 0.1613 0.1290
0.0968 0.0645 0.5161 0.3226
0.1613 0.1935 0.4194 0.2258
0.2258 0.2581 0.1613 0.3548
0.1290 0.3226 0.2258 0.3226
0.1935 0.2581 0.3226 0.2258
0.3226 0.3548 0.2581 0.0645
0.0645 0.0968 0.1613 0.6774
0.0323 0.8710 0.0323 0.0645
0.0323 0.0323 0.9032 0.0323
0.3548 0.4839 0.1290 0.0323
0.0645 0.2258 0.4839 0.2258

MOTIF filter4
letter-probability matrix: alength= 4 w= 12 nsites= 385
0.2237 0.2391 0.1054 0.4319
0.0694 0.3265 0.1080 0.4961
0.0771 0.2416 0.3856 0.2956
0.3959 0.2391 0.1311 0.2339
0.2494 0.0129 0.4267 0.3111
0.0668 0.7532 0.0026 0.1774
0.7866 0.0026 0.1902 0.0206
0.2416 0.2751 0.0591 0.4242
0.3856 0.1157 0.2519 0.2468
0.1440 0.2776 0.5064 0.0720
0.1697 0.1465 0.4781 0.2057
0.3239 0.0488 0.3882 0.2391

MOTIF filter5
letter-probability matrix: alength= 4 w= 12 nsites= 18
0.0455 0.8182 0.0909 0.0455
0.0909 0.0455 0.8182 0.0455
0.2273 0.4091 0.2273 0.1364
0.1364 0.3636 0.2727 0.2273
0.1364 0.5000 0.3182 0.0455
0.1364 0.3636 0.4091 0.0909
0.1818 0.3636 0.2727 0.1818
0.1818 0.3636 0.2273 0.2273
0.1364 0.5455 0.1818 0.1364
0.0455 0.2273 0.4545 0.2727
0.0455 0.7727 0.1364 0.0455
0.0455 0.0909 0.8182 0.0455

MOTIF filter6
letter-probability matrix: alength= 4 w= 12 nsites= 98
0.1275 0.5882 0.2157 0.0686
0.0588 0.3137 0.5196 0.1078
0.0098 0.9706 0.0098 0.0098
0.0098 0.0098 0.9706 0.0098
0.1569 0.3824 0.2941 0.1667
0.1275 0.4608 0.2843 0.1275
0.1176 0.4020 0.3627 0.1176
0.1176 0.2843 0.4216 0.1765
0.0686 0.4216 0.3725 0.1373
0.1961 0.3137 0.3137 0.1765
0.1667 0.3824 0.3333 0.1176
0.0980 0.5196 0.2647 0.1176

MOTIF filter7
letter-probability matrix: alength= 4 w= 12 nsites= 472
0.2122 0.1618 0.2416 0.3845
0.1597 0.1071 0.5231 0.2101
0.1134 0.1639 0.4643 0.2584
0.1744 0.0798 0.6849 0.0609
0.0105 0.2878 0.6996 0.0021
0.0336 0.1744 0.5588 0.2332
0.4748 0.3761 0.1471 0.0021
0.0021 0.7668 0.1176 0.1134
0.2185 0.5126 0.0504 0.2185
0.2542 0.4622 0.1155 0.1681
0.4727 0.2626 0.1155 0.1492
0.2647 0.2836 0.1912 0.2605

MOTIF filter8
letter-probability matrix: alength= 4 w= 12 nsites= 351
0.3127 0.1915 0.1972 0.2986
0.2113 0.3944 0.1549 0.2394
0.2958 0.2732 0.1296 0.3014
0.2930 0.2028 0.1070 0.3972
0.2958 0.1380 0.2535 0.3127
0.7155 0.0085 0.1944 0.0817
0.8930 0.0056 0.0761 0.0254
0.0507 0.0676 0.7577 0.1239
0.1437 0.1606 0.3296 0.3662
0.0141 0.3887 0.4930 0.1042
0.0789 0.1972 0.5380 0.1859
0.2028 0.2930 0.3746 0.1296

MOTIF filter9
letter-probability matrix: alength= 4 w= 12 nsites= 457
0.2928 0.1649 0.3905 0.1518
0.6529 0.0239 0.3167 0.0065
0.0065 0.0759 0.0499 0.8677
0.0586 0.0022 0.8048 0.1345
0.8265 0.0954 0.0260 0.0521
0.1952 0.2842 0.5184 0.0022
0.0412 0.0564 0.0130 0.8894
0.1974 0.7180 0.0542 0.0304
0.8720 0.0195 0.0824 0.0260
0.0239 0.2278 0.1410 0.6074
0.2473 0.2234 0.1974 0.3319
0.2321 0.3275 0.1931 0.2473

MOTIF filter10
letter-probability matrix: alength= 4 w= 12 nsites= 344
0.0690 0.1782 0.6782 0.0747
0.5000 0.4109 0.0086 0.0805
0.0690 0.3247 0.2701 0.3362
0.0086 0.0086 0.1063 0.8764
0.0057 0.9080 0.0805 0.0057
0.5000 0.4023 0.0948 0.0029
0.0230 0.1293 0.4224 0.4253
0.0833 0.7557 0.1293 0.0316
0.0632 0.5000 0.2385 0.1983
0.1868 0.2931 0.2701 0.2500
0.1437 0.1897 0.2874 0.3793
0.1695 0.2040 0.4511 0.1753

MOTIF filter11
letter-probability matrix: alength= 4 w= 12 nsites= 268
0.1765 0.3272 0.2390 0.2574
0.2169 0.1875 0.1765 0.4191
0.1140 0.4890 0.1029 0.2941
0.1985 0.4007 0.0956 0.3051
0.2463 0.0882 0.0147 0.6507
0.1066 0.0441 0.3603 0.4890
0.3529 0.1250 0.5110 0.0110
0.2500 0.4154 0.2794 0.0551
0.3787 0.0037 0.0919 0.5257
0.1838 0.1838 0.0147 0.6176
0.1397 0.0919 0.5515 0.2169
0.2500 0.2794 0.2169 0.2537

MOTIF filter12
letter-probability matrix: alength= 4 w= 12 nsites= 302
0.1732 0.3203 0.2157 0.2908
0.3660 0.2549 0.2680 0.1111
0.0098 0.4575 0.4510 0.0817
0.6993 0.0425 0.0425 0.2157
0.3268 0.4412 0.1209 0.1111
0.1176 0.2059 0.0131 0.6634
0.5065 0.4673 0.0065 0.0196
0.8399 0.0882 0.0229 0.0490
0.3464 0.1797 0.2680 0.2059
0.2484 0.2092 0.1275 0.4150
0.2908 0.1732 0.1765 0.3595
0.2549 0.1928 0.2092 0.3431

MOTIF filter13
letter-probability matrix: alength= 4 w= 12 nsites= 259
0.2890 0.3232 0.1141 0.2738
0.3118 0.2700 0.2776 0.1407
0.5285 0.2586 0.1331 0.0798
0.1977 0.2548 0.3612 0.1863
0.0152 0.3992 0.1787 0.4068
0.0152 0.1483 0.0989 0.7376
0.0038 0.0038 0.0038 0.9886
0.0038 0.9886 0.0038 0.0038
0.5095 0.0038 0.2852 0.2015
0.3232 0.2852 0.1673 0.2243
0.3156 0.1293 0.3460 0.2091
0.3346 0.1749 0.2357 0.2548

MOTIF filter15
letter-probability matrix: alength= 4 w= 12 nsites= 102
0.1509 0.2925 0.2547 0.3019
0.1981 0.3019 0.1226 0.3774
0.1226 0.7170 0.0849 0.0755
0.0094 0.0943 0.7264 0.1698
0.4434 0.0566 0.3962 0.1038
0.1792 0.1038 0.5660 0.1509
0.5377 0.3491 0.0660 0.0472
0.0849 0.1698 0.4057 0.3396
0.1415 0.2736 0.4623 0.1226
0.3491 0.1132 0.2830 0.2547
0.2547 0.3396 0.3019 0.1038
0.2075 0.2264 0.3585 0.2075

