MEME version 4

ALPHABET= ACGT

Background letter frequencies:
A 0.1863 C 0.3146 G 0.3107 T 0.1885

MOTIF filter0
letter-probability matrix: alength= 4 w= 12 nsites= 113
0.2051 0.2393 0.2051 0.3504
0.3675 0.1966 0.1453 0.2906
0.1368 0.4957 0.1624 0.2051
0.1880 0.1795 0.0256 0.6068
0.3333 0.0085 0.6154 0.0427
0.1111 0.0085 0.8718 0.0085
0.2821 0.1880 0.4786 0.0513
0.0256 0.7863 0.0427 0.1453
0.0684 0.0598 0.0342 0.8376
0.0342 0.0256 0.9231 0.0171
0.1282 0.0769 0.7607 0.0342
0.0940 0.4103 0.1795 0.3162

MOTIF filter1
letter-probability matrix: alength= 4 w= 12 nsites= 330
0.2066 0.0090 0.7186 0.0659
0.0659 0.9012 0.0060 0.0269
0.0329 0.9461 0.0030 0.0180
0.6138 0.2006 0.1168 0.0689
0.0269 0.5659 0.2246 0.1826
0.1647 0.6198 0.0269 0.1886
0.5719 0.0150 0.0090 0.4042
0.1198 0.0060 0.8084 0.0659
0.2754 0.0449 0.6407 0.0389
0.1437 0.1617 0.2395 0.4551
0.0030 0.0030 0.9880 0.0060
0.0539 0.0269 0.8952 0.0240

MOTIF filter2
letter-probability matrix: alength= 4 w= 12 nsites= 217
0.1991 0.3620 0.3303 0.1086
0.2805 0.1403 0.3439 0.2353
0.1719 0.3484 0.1674 0.3122
0.5113 0.0362 0.1448 0.3077
0.1312 0.0045 0.3801 0.4842
0.0181 0.0090 0.9593 0.0136
0.0045 0.9005 0.0679 0.0271
0.0317 0.8100 0.0226 0.1357
0.4253 0.3258 0.0860 0.1629
0.1810 0.4299 0.3258 0.0633
0.0498 0.5475 0.0498 0.3529
0.2941 0.3891 0.0860 0.2308

MOTIF filter3
letter-probability matrix: alength= 4 w= 12 nsites= 170
0.0747 0.4770 0.3046 0.1437
0.0230 0.4770 0.2356 0.2644
0.0057 0.9655 0.0172 0.0115
0.0230 0.0115 0.9598 0.0057
0.3448 0.3218 0.2931 0.0402
0.2069 0.3103 0.1149 0.3678
0.2989 0.3448 0.1724 0.1839
0.2241 0.3448 0.3218 0.1092
0.1954 0.0862 0.1782 0.5402
0.2184 0.2874 0.0747 0.4195
0.1897 0.3563 0.2299 0.2241
0.2299 0.1954 0.3391 0.2356

MOTIF filter4
letter-probability matrix: alength= 4 w= 12 nsites= 214
0.5780 0.0183 0.3532 0.0505
0.0596 0.1055 0.8028 0.0321
0.0917 0.8165 0.0092 0.0826
0.0046 0.0046 0.9495 0.0413
0.0275 0.9587 0.0092 0.0046
0.0138 0.8624 0.0872 0.0367
0.2248 0.4908 0.1055 0.1789
0.0596 0.5229 0.0046 0.4128
0.0183 0.7936 0.1147 0.0734
0.0229 0.1606 0.1193 0.6972
0.2615 0.2615 0.3073 0.1697
0.0550 0.3899 0.4312 0.1239

MOTIF filter5
letter-probability matrix: alength= 4 w= 12 nsites= 75
0.3165 0.0759 0.3544 0.2532
0.1772 0.0886 0.5190 0.2152
0.2658 0.0886 0.3671 0.2785
0.1139 0.6835 0.0633 0.1392
0.1139 0.6203 0.1013 0.1646
0.1646 0.2405 0.2911 0.3038
0.1899 0.3924 0.3797 0.0380
0.4430 0.0380 0.5063 0.0127
0.4051 0.0253 0.4937 0.0759
0.5823 0.1646 0.0506 0.2025
0.3165 0.1392 0.1266 0.4177
0.1013 0.1266 0.0633 0.7089

MOTIF filter6
letter-probability matrix: alength= 4 w= 12 nsites= 352
0.0393 0.8624 0.0506 0.0478
0.4073 0.3792 0.0281 0.1854
0.0562 0.5787 0.0871 0.2781
0.0927 0.7219 0.1011 0.0843
0.1882 0.1713 0.0758 0.5646
0.2022 0.0562 0.4298 0.3118
0.0590 0.3680 0.5253 0.0478
0.0056 0.0028 0.0028 0.9888
0.0028 0.0028 0.9916 0.0028
0.0197 0.0028 0.8764 0.1011
0.1433 0.5787 0.0056 0.2725
0.1826 0.4551 0.2753 0.0871

MOTIF filter7
letter-probability matrix: alength= 4 w= 12 nsites= 269
0.1245 0.2088 0.6007 0.0659
0.0440 0.6520 0.1941 0.1099
0.2344 0.2930 0.1538 0.3187
0.0916 0.8352 0.0403 0.0330
0.5897 0.0952 0.0147 0.3004
0.4469 0.4469 0.0366 0.0696
0.0659 0.0623 0.3773 0.4945
0.3553 0.0513 0.4432 0.1502
0.0403 0.4579 0.4029 0.0989
0.1209 0.1355 0.1026 0.6410
0.1978 0.0330 0.6557 0.1136
0.3040 0.1465 0.3480 0.2015

MOTIF filter8
letter-probability matrix: alength= 4 w= 12 nsites= 102
0.2358 0.3113 0.2075 0.2453
0.1226 0.4811 0.1792 0.2170
0.2075 0.0189 0.0189 0.7547
0.0849 0.6132 0.0094 0.2925
0.1321 0.0094 0.8396 0.0189
0.3208 0.0849 0.2736 0.3208
0.1321 0.1038 0.5943 0.1698
0.0472 0.2453 0.2358 0.4717
0.0377 0.7642 0.1038 0.0943
0.4717 0.0283 0.3396 0.1604
0.5000 0.1132 0.0566 0.3302
0.1321 0.3868 0.2170 0.2642

MOTIF filter9
letter-probability matrix: alength= 4 w= 12 nsites= 103
0.1589 0.4673 0.3178 0.0561
0.3738 0.1308 0.2336 0.2617
0.6355 0.1121 0.1869 0.0654
0.1495 0.2336 0.4393 0.1776
0.0280 0.7944 0.0654 0.1121
0.0841 0.1869 0.1308 0.5981
0.1402 0.0935 0.3645 0.4019
0.2710 0.0561 0.3645 0.3084
0.0467 0.6168 0.1402 0.1963
0.8505 0.0374 0.0093 0.1028
0.7944 0.0561 0.0280 0.1215
0.1869 0.2243 0.4486 0.1402

MOTIF filter10
letter-probability matrix: alength= 4 w= 12 nsites= 121
0.2640 0.2480 0.3520 0.1360
0.1520 0.2720 0.4640 0.1120
0.2640 0.0080 0.7200 0.0080
0.3840 0.0640 0.3840 0.1680
0.1280 0.0400 0.4800 0.3520
0.0240 0.6960 0.0320 0.2480
0.0160 0.9120 0.0160 0.0560
0.2000 0.0160 0.0400 0.7440
0.1920 0.0240 0.5360 0.2480
0.6480 0.0160 0.2400 0.0960
0.2880 0.0320 0.6160 0.0640
0.2000 0.3760 0.2960 0.1280

MOTIF filter11
letter-probability matrix: alength= 4 w= 12 nsites= 264
0.2127 0.3507 0.1604 0.2761
0.1007 0.4366 0.1567 0.3060
0.1978 0.1978 0.2425 0.3619
0.0485 0.0597 0.3358 0.5560
0.1194 0.3619 0.1604 0.3582
0.1119 0.4851 0.0224 0.3806
0.2313 0.7201 0.0075 0.0410
0.9776 0.0075 0.0075 0.0075
0.0037 0.0037 0.9851 0.0075
0.0634 0.3993 0.5261 0.0112
0.5149 0.3172 0.0075 0.1604
0.3433 0.2463 0.2313 0.1791

MOTIF filter12
letter-probability matrix: alength= 4 w= 12 nsites= 190
0.6289 0.1546 0.1495 0.0670
0.0515 0.5206 0.2165 0.2113
0.7268 0.0567 0.1289 0.0876
0.1134 0.2526 0.4794 0.1546
0.0773 0.4175 0.0773 0.4278
0.1495 0.0722 0.5258 0.2526
0.1649 0.7320 0.0309 0.0722
0.0619 0.8041 0.0052 0.1289
0.8196 0.1134 0.0052 0.0619
0.0155 0.4381 0.0103 0.5361
0.1598 0.6134 0.0515 0.1753
0.2216 0.2165 0.0722 0.4897

MOTIF filter13
letter-probability matrix: alength= 4 w= 12 nsites= 187
0.1309 0.5759 0.2304 0.0628
0.0785 0.4921 0.1885 0.2408
0.5602 0.1099 0.2461 0.0838
0.4398 0.0262 0.4398 0.0942
0.2984 0.0628 0.2147 0.4241
0.2565 0.4974 0.0262 0.2199
0.2565 0.0524 0.3194 0.3717
0.0366 0.5497 0.0733 0.3403
0.0838 0.6283 0.0052 0.2827
0.0576 0.8115 0.0890 0.0419
0.1780 0.0942 0.0995 0.6283
0.2199 0.1204 0.1414 0.5183

MOTIF filter14
letter-probability matrix: alength= 4 w= 12 nsites= 285
0.3702 0.1488 0.3218 0.1592
0.0415 0.1869 0.6332 0.1384
0.3737 0.0311 0.5709 0.0242
0.1592 0.1003 0.3460 0.3945
0.1419 0.0173 0.7509 0.0900
0.1522 0.0519 0.5606 0.2353
0.4637 0.4152 0.0208 0.1003
0.6298 0.0727 0.2318 0.0657
0.4567 0.3495 0.0692 0.1246
0.0138 0.2180 0.0796 0.6886
0.3910 0.0415 0.5571 0.0104
0.0761 0.2595 0.3841 0.2803

MOTIF filter15
letter-probability matrix: alength= 4 w= 12 nsites= 190
0.4691 0.0206 0.3505 0.1598
0.0567 0.3041 0.6031 0.0361
0.1495 0.2938 0.1134 0.4433
0.8299 0.0052 0.0619 0.1031
0.0464 0.0052 0.9381 0.0103
0.4433 0.0052 0.5412 0.0103
0.1753 0.0206 0.6082 0.1959
0.0876 0.0619 0.8144 0.0361
0.0928 0.0412 0.7577 0.1082
0.0825 0.8351 0.0103 0.0722
0.3918 0.0052 0.5979 0.0052
0.0309 0.5722 0.3505 0.0464

