MEME version 4

ALPHABET= ACGT

Background letter frequencies:
A 0.2524 C 0.2395 G 0.2495 T 0.2586

MOTIF filter0
letter-probability matrix: alength= 4 w= 24 nsites= 460
0.2522 0.2435 0.2802 0.2241
0.2953 0.2500 0.2392 0.2155
0.2478 0.2177 0.2716 0.2629
0.2306 0.2112 0.3147 0.2435
0.2845 0.2629 0.2716 0.1810
0.2845 0.2478 0.2500 0.2177
0.2392 0.2069 0.2651 0.2888
0.2349 0.2845 0.2716 0.2091
0.2737 0.2522 0.2780 0.1961
0.2672 0.2091 0.3125 0.2112
0.1940 0.2565 0.3147 0.2349
0.2737 0.1724 0.3405 0.2134
0.3772 0.2543 0.3578 0.0108
0.0022 0.0022 0.0022 0.9935
0.0022 0.0022 0.9828 0.0129
0.9935 0.0022 0.0022 0.0022
0.0259 0.4806 0.4763 0.0172
0.0022 0.0022 0.0022 0.9935
0.0086 0.9871 0.0022 0.0022
0.9935 0.0022 0.0022 0.0022
0.0108 0.3233 0.2371 0.4289
0.2004 0.3448 0.1810 0.2737
0.1703 0.3448 0.2780 0.2069
0.1940 0.3297 0.2328 0.2435

MOTIF filter1
letter-probability matrix: alength= 4 w= 24 nsites= 50
0.1667 0.1852 0.4444 0.2037
0.2222 0.2037 0.3519 0.2222
0.2593 0.2407 0.2778 0.2222
0.2778 0.2222 0.2222 0.2778
0.1481 0.1667 0.1852 0.5000
0.2222 0.1852 0.4630 0.1296
0.3704 0.2407 0.2407 0.1481
0.2407 0.2407 0.3148 0.2037
0.0556 0.2778 0.1481 0.5185
0.2037 0.5185 0.1296 0.1481
0.5370 0.1296 0.2593 0.0741
0.0185 0.4259 0.0370 0.5185
0.0185 0.0185 0.0185 0.9444
0.0185 0.0185 0.0185 0.9444
0.0185 0.9444 0.0185 0.0185
0.0185 0.9444 0.0185 0.0185
0.0370 0.0926 0.0370 0.8333
0.0185 0.1852 0.5926 0.2037
0.0370 0.3704 0.1111 0.4815
0.1481 0.3148 0.1667 0.3704
0.0741 0.2778 0.1852 0.4630
0.2037 0.2593 0.2963 0.2407
0.2037 0.1852 0.2963 0.3148
0.1852 0.2037 0.3889 0.2222

MOTIF filter2
letter-probability matrix: alength= 4 w= 24 nsites= 71
0.2133 0.2000 0.1600 0.4267
0.3200 0.3200 0.1333 0.2267
0.2533 0.1867 0.1600 0.4000
0.3733 0.2000 0.1200 0.3067
0.3200 0.1467 0.2933 0.2400
0.3733 0.1867 0.0400 0.4000
0.3067 0.0933 0.2267 0.3733
0.3333 0.1867 0.2400 0.2400
0.2533 0.2133 0.2667 0.2667
0.0400 0.1600 0.1467 0.6533
0.0133 0.9600 0.0133 0.0133
0.0133 0.0133 0.9600 0.0133
0.6400 0.1467 0.0667 0.1467
0.2533 0.1733 0.1333 0.4400
0.2267 0.3600 0.2000 0.2133
0.3067 0.2533 0.1467 0.2933
0.1733 0.2533 0.3600 0.2133
0.3333 0.2267 0.2000 0.2400
0.2800 0.2400 0.1867 0.2933
0.2533 0.2267 0.1467 0.3733
0.1333 0.2667 0.1867 0.4133
0.3333 0.2400 0.2400 0.1867
0.4133 0.1600 0.1867 0.2400
0.3067 0.2133 0.1867 0.2933

MOTIF filter4
letter-probability matrix: alength= 4 w= 24 nsites= 421
0.2353 0.2518 0.2871 0.2259
0.2776 0.2376 0.3035 0.1812
0.2824 0.1788 0.3318 0.2071
0.2165 0.2306 0.3388 0.2141
0.2776 0.1671 0.3435 0.2118
0.4094 0.2400 0.3459 0.0047
0.0024 0.0024 0.0024 0.9929
0.0024 0.0024 0.9882 0.0071
0.9929 0.0024 0.0024 0.0024
0.0212 0.4800 0.4753 0.0235
0.0024 0.0024 0.0024 0.9929
0.0118 0.9835 0.0024 0.0024
0.9929 0.0024 0.0024 0.0024
0.0047 0.3153 0.2188 0.4612
0.2259 0.3576 0.1576 0.2588
0.1765 0.3388 0.2871 0.1976
0.2071 0.3365 0.2376 0.2188
0.2024 0.2965 0.2447 0.2565
0.2259 0.2306 0.2659 0.2776
0.2776 0.2188 0.2306 0.2729
0.2071 0.2259 0.3224 0.2447
0.1929 0.2706 0.2494 0.2871
0.2376 0.3059 0.2471 0.2094
0.2965 0.1882 0.2635 0.2518

MOTIF filter6
letter-probability matrix: alength= 4 w= 24 nsites= 345
0.2521 0.2178 0.2865 0.2436
0.2607 0.2579 0.3009 0.1805
0.2693 0.2321 0.2837 0.2149
0.3095 0.2407 0.2550 0.1948
0.2579 0.1691 0.2693 0.3037
0.1977 0.2120 0.3639 0.2264
0.3238 0.2751 0.2378 0.1633
0.2779 0.3095 0.2006 0.2120
0.2665 0.1719 0.2350 0.3266
0.2149 0.2751 0.3095 0.2006
0.2894 0.2464 0.2980 0.1662
0.2779 0.2092 0.3238 0.1891
0.1891 0.2636 0.3438 0.2034
0.2980 0.1777 0.3381 0.1862
0.4527 0.2006 0.3410 0.0057
0.0029 0.0029 0.0029 0.9914
0.0029 0.0029 0.9828 0.0115
0.9914 0.0029 0.0029 0.0029
0.0229 0.4527 0.5129 0.0115
0.0029 0.0029 0.0029 0.9914
0.0086 0.9857 0.0029 0.0029
0.9914 0.0029 0.0029 0.0029
0.0057 0.3266 0.1948 0.4728
0.2034 0.3668 0.1662 0.2636

MOTIF filter7
letter-probability matrix: alength= 4 w= 24 nsites= 52
0.2321 0.2143 0.1607 0.3929
0.3214 0.1964 0.2143 0.2679
0.2143 0.2679 0.0536 0.4643
0.1429 0.2500 0.2321 0.3750
0.4643 0.2143 0.2321 0.0893
0.2857 0.2679 0.1964 0.2500
0.3214 0.1607 0.0357 0.4821
0.2321 0.3571 0.1250 0.2857
0.2321 0.2500 0.1964 0.3214
0.3393 0.0536 0.2679 0.3393
0.1786 0.3036 0.3571 0.1607
0.2679 0.0536 0.1964 0.4821
0.1607 0.0536 0.2500 0.5357
0.0179 0.9464 0.0179 0.0179
0.0179 0.0179 0.9464 0.0179
0.4821 0.2500 0.1786 0.0893
0.1786 0.3036 0.2857 0.2321
0.3571 0.2857 0.0893 0.2679
0.3214 0.1786 0.1786 0.3214
0.3571 0.1429 0.1607 0.3393
0.2321 0.2679 0.0893 0.4107
0.3214 0.1250 0.2143 0.3393
0.4464 0.1429 0.2321 0.1786
0.2321 0.1607 0.3036 0.3036

MOTIF filter8
letter-probability matrix: alength= 4 w= 24 nsites= 94
0.1837 0.3163 0.2449 0.2551
0.1837 0.1327 0.2959 0.3878
0.3980 0.2653 0.1122 0.2245
0.2041 0.2755 0.2245 0.2959
0.4592 0.1939 0.1939 0.1531
0.3265 0.2551 0.2347 0.1837
0.2551 0.1429 0.1939 0.4082
0.2347 0.1633 0.2857 0.3163
0.1735 0.2449 0.2347 0.3469
0.2551 0.1939 0.2245 0.3265
0.2755 0.1837 0.4082 0.1327
0.0816 0.1122 0.5204 0.2857
0.3776 0.1837 0.1735 0.2653
0.1939 0.2449 0.2857 0.2755
0.1224 0.1735 0.4592 0.2449
0.5612 0.1939 0.1633 0.0816
0.0816 0.3163 0.0510 0.5510
0.0408 0.8878 0.0204 0.0510
0.1633 0.0408 0.7347 0.0612
0.6735 0.0918 0.1633 0.0714
0.1020 0.2041 0.0102 0.6837
0.2041 0.4388 0.1020 0.2551
0.2653 0.1633 0.2449 0.3265
0.3673 0.1429 0.2551 0.2347

MOTIF filter10
letter-probability matrix: alength= 4 w= 24 nsites= 446
0.2711 0.2133 0.3022 0.2133
0.1800 0.2511 0.3333 0.2356
0.2622 0.1689 0.3378 0.2311
0.3867 0.2689 0.3378 0.0067
0.0022 0.0022 0.0022 0.9933
0.0022 0.0022 0.9867 0.0089
0.9933 0.0022 0.0022 0.0022
0.0244 0.4822 0.4778 0.0156
0.0022 0.0022 0.0022 0.9933
0.0067 0.9889 0.0022 0.0022
0.9933 0.0022 0.0022 0.0022
0.0044 0.3267 0.2267 0.4422
0.2133 0.3556 0.1622 0.2689
0.1733 0.3578 0.2756 0.1933
0.2111 0.3244 0.2311 0.2333
0.1911 0.3000 0.2244 0.2844
0.1956 0.2711 0.2444 0.2889
0.2667 0.2200 0.2244 0.2889
0.2022 0.2333 0.3089 0.2556
0.2000 0.2822 0.2467 0.2711
0.2222 0.2978 0.2511 0.2289
0.2867 0.1978 0.2689 0.2467
0.2200 0.2133 0.2578 0.3089
0.2489 0.2222 0.2800 0.2489

MOTIF filter11
letter-probability matrix: alength= 4 w= 24 nsites= 90
0.2872 0.1702 0.2021 0.3404
0.2872 0.1702 0.2447 0.2979
0.2234 0.1702 0.2766 0.3298
0.2553 0.1809 0.2979 0.2660
0.2021 0.2021 0.2766 0.3191
0.2128 0.1383 0.2447 0.4043
0.3617 0.1915 0.1809 0.2660
0.2553 0.1915 0.2553 0.2979
0.4149 0.1809 0.2021 0.2021
0.2872 0.2766 0.2021 0.2340
0.2979 0.1702 0.2872 0.2447
0.1915 0.2128 0.3617 0.2340
0.2340 0.3085 0.1915 0.2660
0.1915 0.2660 0.2766 0.2660
0.2128 0.2553 0.2979 0.2340
0.3085 0.1915 0.1809 0.3191
0.2766 0.3085 0.0745 0.3404
0.2340 0.2872 0.2128 0.2660
0.3723 0.1277 0.3830 0.1170
0.5319 0.0213 0.2553 0.1915
0.1383 0.0745 0.0319 0.7553
0.0106 0.9362 0.0106 0.0426
0.0213 0.0106 0.9468 0.0213
0.5000 0.1596 0.1809 0.1596

MOTIF filter12
letter-probability matrix: alength= 4 w= 24 nsites= 453
0.2516 0.2319 0.2932 0.2232
0.2560 0.2538 0.2932 0.1969
0.2670 0.2057 0.3348 0.1926
0.2101 0.2298 0.3282 0.2319
0.2779 0.1685 0.3370 0.2166
0.3939 0.2407 0.3567 0.0088
0.0022 0.0022 0.0022 0.9934
0.0022 0.0022 0.9869 0.0088
0.9934 0.0022 0.0022 0.0022
0.0263 0.4923 0.4573 0.0241
0.0022 0.0022 0.0022 0.9934
0.0088 0.9869 0.0022 0.0022
0.9934 0.0022 0.0022 0.0022
0.0066 0.3020 0.2516 0.4398
0.2210 0.3501 0.1729 0.2560
0.1751 0.3457 0.2801 0.1991
0.2035 0.3282 0.2298 0.2385
0.2079 0.2845 0.2254 0.2823
0.1969 0.2495 0.2648 0.2888
0.2713 0.2057 0.2319 0.2910
0.1991 0.2451 0.3129 0.2429
0.2035 0.2713 0.2319 0.2932
0.2166 0.3151 0.2538 0.2144
0.2823 0.1947 0.2626 0.2604

MOTIF filter13
letter-probability matrix: alength= 4 w= 24 nsites= 52
0.0179 0.9464 0.0179 0.0179
0.0179 0.0179 0.9464 0.0179
0.6964 0.0357 0.0357 0.2321
0.4286 0.1250 0.0357 0.4107
0.2321 0.2679 0.2679 0.2321
0.4107 0.1250 0.1250 0.3393
0.3750 0.0893 0.4107 0.1250
0.2679 0.0893 0.2679 0.3750
0.2500 0.1607 0.2679 0.3214
0.3036 0.1607 0.1607 0.3750
0.1250 0.2857 0.2500 0.3393
0.3750 0.2321 0.2500 0.1429
0.4821 0.1786 0.1786 0.1607
0.3036 0.1786 0.2143 0.3036
0.2857 0.1964 0.1964 0.3214
0.3214 0.3214 0.0179 0.3393
0.2679 0.2321 0.2143 0.2857
0.2857 0.3393 0.1786 0.1964
0.5179 0.2679 0.0893 0.1250
0.3036 0.2321 0.1607 0.3036
0.2679 0.2857 0.1964 0.2500
0.3214 0.1786 0.1250 0.3750
0.2500 0.1071 0.1607 0.4821
0.3750 0.2679 0.0893 0.2679

MOTIF filter14
letter-probability matrix: alength= 4 w= 24 nsites= 104
0.2222 0.1204 0.1296 0.5278
0.3056 0.1389 0.2037 0.3519
0.2222 0.1944 0.3056 0.2778
0.1111 0.0370 0.2407 0.6111
0.0093 0.9722 0.0093 0.0093
0.0093 0.0093 0.9722 0.0093
0.4537 0.1759 0.2037 0.1667
0.3333 0.2037 0.1759 0.2870
0.3426 0.2037 0.1944 0.2593
0.3148 0.2130 0.1852 0.2870
0.2315 0.1667 0.3426 0.2593
0.3796 0.2037 0.1759 0.2407
0.2500 0.2685 0.2315 0.2500
0.3426 0.1852 0.2037 0.2685
0.3241 0.2500 0.1481 0.2778
0.2685 0.3889 0.1296 0.2130
0.2778 0.3519 0.1389 0.2315
0.2963 0.2315 0.1852 0.2870
0.3333 0.1389 0.2407 0.2870
0.2870 0.2500 0.0833 0.3796
0.2963 0.1759 0.2593 0.2685
0.4259 0.1204 0.1944 0.2593
0.2685 0.0833 0.3426 0.3056
0.3056 0.1019 0.2037 0.3889

MOTIF filter15
letter-probability matrix: alength= 4 w= 24 nsites= 108
0.2232 0.2411 0.2232 0.3125
0.3304 0.1339 0.2054 0.3304
0.1696 0.0536 0.0625 0.7143
0.0089 0.9732 0.0089 0.0089
0.0089 0.0089 0.9732 0.0089
0.6250 0.2054 0.1071 0.0625
0.1875 0.1786 0.1607 0.4732
0.2589 0.3482 0.2232 0.1696
0.2143 0.3929 0.1696 0.2232
0.3036 0.2411 0.1786 0.2768
0.3661 0.2857 0.1250 0.2232
0.2143 0.2411 0.2857 0.2589
0.2321 0.2857 0.1429 0.3393
0.2054 0.3125 0.1607 0.3214
0.3036 0.3214 0.1786 0.1964
0.2679 0.1964 0.1964 0.3393
0.2679 0.2500 0.1607 0.3214
0.3125 0.1964 0.1786 0.3125
0.3036 0.1339 0.1964 0.3661
0.2500 0.2143 0.3125 0.2232
0.2679 0.2411 0.2589 0.2321
0.3036 0.1696 0.2321 0.2946
0.2946 0.1607 0.2143 0.3304
0.3036 0.2411 0.2589 0.1964

