MEME version 4

ALPHABET= ACGT

Background letter frequencies:
A 0.1863 C 0.3146 G 0.3107 T 0.1885

MOTIF filter0
letter-probability matrix: alength= 4 w= 24 nsites= 244
0.1976 0.1532 0.4516 0.1976
0.1210 0.4476 0.2298 0.2016
0.1573 0.3911 0.2339 0.2177
0.1250 0.5363 0.1653 0.1734
0.2258 0.3306 0.1895 0.2540
0.2500 0.3710 0.2419 0.1371
0.1250 0.3065 0.2056 0.3629
0.2863 0.1250 0.4395 0.1492
0.0524 0.4073 0.3185 0.2218
0.0444 0.4194 0.2016 0.3347
0.1008 0.0202 0.7742 0.1048
0.0081 0.9637 0.0161 0.0121
0.0040 0.9879 0.0040 0.0040
0.6048 0.2702 0.0565 0.0685
0.0040 0.6774 0.1532 0.1653
0.0484 0.8427 0.0161 0.0927
0.4556 0.0202 0.0242 0.5000
0.0968 0.0121 0.8508 0.0403
0.1613 0.1452 0.6895 0.0040
0.0524 0.0524 0.2460 0.6492
0.0040 0.0040 0.9879 0.0040
0.0282 0.0242 0.9113 0.0363
0.0605 0.7782 0.0161 0.1452
0.3145 0.2298 0.3790 0.0766

MOTIF filter1
letter-probability matrix: alength= 4 w= 24 nsites= 129
0.1805 0.1429 0.3910 0.2857
0.1805 0.3233 0.0827 0.4135
0.0451 0.5263 0.2857 0.1429
0.2406 0.1278 0.6241 0.0075
0.1955 0.2782 0.2857 0.2406
0.0977 0.2782 0.1128 0.5113
0.0075 0.9774 0.0075 0.0075
0.0075 0.0075 0.9774 0.0075
0.3233 0.1429 0.3835 0.1504
0.1880 0.4211 0.2481 0.1429
0.2632 0.2707 0.2180 0.2481
0.3233 0.3835 0.0977 0.1955
0.3534 0.0902 0.4361 0.1203
0.2030 0.2707 0.3008 0.2256
0.1880 0.1654 0.3759 0.2707
0.3459 0.2481 0.1955 0.2105
0.2030 0.2256 0.3008 0.2707
0.1353 0.4586 0.2180 0.1880
0.2857 0.2707 0.1955 0.2481
0.2406 0.2707 0.3233 0.1654
0.2481 0.2406 0.3835 0.1278
0.1880 0.3083 0.2782 0.2256
0.2406 0.3158 0.2707 0.1729
0.2556 0.2481 0.2707 0.2256

MOTIF filter2
letter-probability matrix: alength= 4 w= 24 nsites= 191
0.0923 0.6000 0.1436 0.1641
0.2615 0.2205 0.2154 0.3026
0.3231 0.3333 0.2769 0.0667
0.0410 0.3744 0.2205 0.3641
0.4462 0.0462 0.4103 0.0974
0.0308 0.3128 0.6205 0.0359
0.0051 0.6205 0.0051 0.3692
0.0513 0.0051 0.8718 0.0718
0.0564 0.9077 0.0154 0.0205
0.0051 0.9846 0.0051 0.0051
0.3538 0.5590 0.0308 0.0564
0.0051 0.5846 0.0051 0.4051
0.0051 0.9846 0.0051 0.0051
0.0256 0.0615 0.0205 0.8923
0.2359 0.0615 0.5744 0.1282
0.0103 0.3231 0.6462 0.0205
0.0821 0.1385 0.0205 0.7590
0.0051 0.0103 0.9795 0.0051
0.0513 0.0564 0.8205 0.0718
0.0769 0.5744 0.0769 0.2718
0.1897 0.4615 0.1641 0.1846
0.3897 0.1333 0.3897 0.0872
0.2256 0.3846 0.2359 0.1538
0.3128 0.2256 0.2410 0.2205

MOTIF filter3
letter-probability matrix: alength= 4 w= 24 nsites= 218
0.1577 0.0360 0.6937 0.1126
0.0360 0.9054 0.0360 0.0225
0.0045 0.9865 0.0045 0.0045
0.7027 0.0811 0.1306 0.0856
0.0045 0.6261 0.3153 0.0541
0.0676 0.6892 0.0405 0.2027
0.7523 0.0090 0.0225 0.2162
0.0135 0.0045 0.9730 0.0090
0.3108 0.0360 0.6441 0.0090
0.0541 0.0135 0.4234 0.5090
0.0045 0.0045 0.9865 0.0045
0.0360 0.0045 0.9144 0.0450
0.0721 0.7973 0.0090 0.1216
0.4009 0.0586 0.5090 0.0315
0.1081 0.4775 0.3874 0.0270
0.0946 0.4279 0.0676 0.4099
0.3288 0.1757 0.4099 0.0856
0.1171 0.3153 0.3063 0.2613
0.3378 0.1937 0.2432 0.2252
0.1982 0.1532 0.5090 0.1396
0.2117 0.2973 0.3604 0.1306
0.2162 0.3604 0.3063 0.1171
0.1892 0.5721 0.0901 0.1486
0.2793 0.4640 0.0766 0.1802

MOTIF filter7
letter-probability matrix: alength= 4 w= 24 nsites= 209
0.2019 0.0798 0.5117 0.2066
0.1455 0.3427 0.2911 0.2207
0.1549 0.3192 0.3192 0.2066
0.0939 0.5869 0.1643 0.1549
0.2629 0.2770 0.1831 0.2770
0.2864 0.3662 0.2394 0.1080
0.0892 0.3427 0.1831 0.3850
0.3662 0.0986 0.4178 0.1174
0.0282 0.3568 0.4836 0.1315
0.0235 0.5305 0.1127 0.3333
0.0704 0.0094 0.8498 0.0704
0.0235 0.9484 0.0141 0.0141
0.0047 0.9859 0.0047 0.0047
0.5164 0.3991 0.0282 0.0563
0.0047 0.6761 0.0469 0.2723
0.0094 0.9531 0.0047 0.0329
0.2488 0.0329 0.0141 0.7042
0.1643 0.0376 0.7324 0.0657
0.0704 0.2207 0.6995 0.0094
0.0704 0.0986 0.1127 0.7183
0.0047 0.0047 0.9859 0.0047
0.0188 0.0282 0.9014 0.0516
0.0704 0.6901 0.0376 0.2019
0.2535 0.3662 0.2676 0.1127

MOTIF filter8
letter-probability matrix: alength= 4 w= 24 nsites= 175
0.0056 0.9832 0.0056 0.0056
0.7318 0.0168 0.1620 0.0894
0.0112 0.5475 0.4358 0.0056
0.0726 0.5866 0.0726 0.2682
0.9330 0.0168 0.0279 0.0223
0.0056 0.0056 0.9832 0.0056
0.4413 0.0056 0.5419 0.0112
0.0447 0.0223 0.5754 0.3575
0.0056 0.0056 0.9832 0.0056
0.0335 0.0056 0.9162 0.0447
0.0391 0.8715 0.0056 0.0838
0.3911 0.0056 0.5978 0.0056
0.0335 0.5810 0.3631 0.0223
0.0447 0.4637 0.0391 0.4525
0.3464 0.1844 0.4302 0.0391
0.0838 0.2793 0.3184 0.3184
0.3408 0.2123 0.2514 0.1955
0.2011 0.1676 0.5251 0.1061
0.1955 0.3464 0.3073 0.1508
0.1955 0.4581 0.2067 0.1397
0.1341 0.6313 0.0782 0.1564
0.1899 0.5196 0.0782 0.2123
0.3799 0.1453 0.3743 0.1006
0.0782 0.3799 0.3575 0.1844

MOTIF filter9
letter-probability matrix: alength= 4 w= 24 nsites= 149
0.1634 0.1765 0.3072 0.3529
0.1503 0.2418 0.0719 0.5359
0.0065 0.9804 0.0065 0.0065
0.0065 0.0065 0.9804 0.0065
0.4118 0.1634 0.3856 0.0392
0.2026 0.4641 0.1830 0.1503
0.1503 0.4706 0.1699 0.2092
0.1895 0.3856 0.2810 0.1438
0.4248 0.0131 0.4118 0.1503
0.2353 0.4183 0.0523 0.2941
0.0980 0.3987 0.3399 0.1634
0.2745 0.3203 0.1961 0.2092
0.1438 0.1961 0.4706 0.1895
0.0980 0.3725 0.3137 0.2157
0.1373 0.4183 0.2484 0.1961
0.2222 0.3007 0.2876 0.1895
0.0719 0.3791 0.2941 0.2549
0.2222 0.2680 0.2745 0.2353
0.1961 0.2222 0.4575 0.1242
0.2222 0.2680 0.2353 0.2745
0.2222 0.2549 0.3464 0.1765
0.1961 0.1830 0.3137 0.3072
0.1765 0.2092 0.4314 0.1830
0.2026 0.2941 0.2745 0.2288

MOTIF filter13
letter-probability matrix: alength= 4 w= 24 nsites= 192
0.1786 0.2602 0.3214 0.2398
0.2296 0.3214 0.2806 0.1684
0.1939 0.2602 0.3673 0.1786
0.1837 0.3622 0.2143 0.2398
0.2296 0.3214 0.2704 0.1786
0.1990 0.3571 0.1786 0.2653
0.2245 0.2551 0.3316 0.1888
0.2500 0.2551 0.3316 0.1633
0.1122 0.3061 0.3827 0.1990
0.2194 0.2500 0.3673 0.1633
0.2245 0.2755 0.3112 0.1888
0.1582 0.4439 0.1939 0.2041
0.2398 0.2143 0.2551 0.2908
0.1837 0.3980 0.2806 0.1378
0.3571 0.0510 0.2143 0.3776
0.2194 0.3112 0.0153 0.4541
0.2092 0.1837 0.4235 0.1837
0.2143 0.2551 0.2398 0.2908
0.1173 0.1786 0.3520 0.3520
0.0408 0.3418 0.1990 0.4184
0.0051 0.9847 0.0051 0.0051
0.0051 0.0051 0.9847 0.0051
0.3929 0.1531 0.2908 0.1633
0.2704 0.3010 0.2857 0.1429

MOTIF filter14
letter-probability matrix: alength= 4 w= 24 nsites= 126
0.1769 0.2769 0.2692 0.2769
0.1923 0.3308 0.1769 0.3000
0.2846 0.1923 0.3000 0.2231
0.2692 0.3231 0.1615 0.2462
0.2231 0.2385 0.1846 0.3538
0.1846 0.3154 0.3077 0.1923
0.1077 0.3000 0.4077 0.1846
0.1692 0.3615 0.3462 0.1231
0.0923 0.5000 0.2615 0.1462
0.2308 0.2154 0.4538 0.1000
0.2615 0.2385 0.3231 0.1769
0.0538 0.4231 0.0923 0.4308
0.0077 0.9769 0.0077 0.0077
0.0077 0.0077 0.9769 0.0077
0.4769 0.0077 0.3000 0.2154
0.2846 0.4846 0.0385 0.1923
0.2923 0.1538 0.3923 0.1615
0.3923 0.1846 0.2000 0.2231
0.2385 0.1077 0.5308 0.1231
0.1077 0.4462 0.3462 0.1000
0.2154 0.2692 0.3077 0.2077
0.2462 0.2000 0.3385 0.2154
0.1538 0.2615 0.2769 0.3077
0.1846 0.3923 0.2231 0.2000

