MEME version 4

ALPHABET= ACGT

Background letter frequencies:
A 0.2524 C 0.2395 G 0.2495 T 0.2586

MOTIF filter0
letter-probability matrix: alength= 4 w= 12 nsites= 221
0.2533 0.2889 0.2044 0.2533
0.4356 0.3467 0.1422 0.0756
0.1778 0.4622 0.1200 0.2400
0.0667 0.8178 0.0711 0.0444
0.1600 0.3067 0.1289 0.4044
0.2222 0.3289 0.0400 0.4089
0.0533 0.3867 0.2044 0.3556
0.1022 0.0400 0.2800 0.5778
0.1644 0.2622 0.1111 0.4622
0.4311 0.0089 0.2978 0.2622
0.4933 0.1644 0.0933 0.2489
0.2356 0.0667 0.6133 0.0844

MOTIF filter1
letter-probability matrix: alength= 4 w= 12 nsites= 218
0.1036 0.4595 0.1847 0.2523
0.1937 0.3288 0.2838 0.1937
0.0991 0.5045 0.3514 0.0450
0.0811 0.6892 0.1982 0.0315
0.0045 0.3919 0.5991 0.0045
0.0225 0.0991 0.8423 0.0360
0.1982 0.5315 0.2387 0.0315
0.1847 0.2297 0.3604 0.2252
0.1036 0.3874 0.3919 0.1171
0.0360 0.6351 0.2432 0.0856
0.1577 0.3604 0.4279 0.0541
0.1261 0.3063 0.4775 0.0901

MOTIF filter2
letter-probability matrix: alength= 4 w= 12 nsites= 491
0.3758 0.2606 0.3030 0.0606
0.0162 0.0303 0.0141 0.9394
0.0061 0.0263 0.9374 0.0303
0.9495 0.0222 0.0242 0.0040
0.0505 0.5152 0.4202 0.0141
0.0020 0.0020 0.0040 0.9919
0.0101 0.9859 0.0020 0.0020
0.9899 0.0020 0.0061 0.0020
0.0242 0.3232 0.0990 0.5535
0.2182 0.3616 0.1859 0.2343
0.2545 0.3253 0.2323 0.1879
0.2566 0.2788 0.2323 0.2323

MOTIF filter3
letter-probability matrix: alength= 4 w= 12 nsites= 163
0.2156 0.2455 0.2695 0.2695
0.1677 0.5030 0.1198 0.2096
0.0359 0.7186 0.1198 0.1257
0.2335 0.0240 0.0719 0.6707
0.4551 0.0659 0.0539 0.4251
0.0060 0.1916 0.7305 0.0719
0.9641 0.0180 0.0120 0.0060
0.7066 0.0060 0.0958 0.1916
0.5090 0.1377 0.1916 0.1617
0.4491 0.0719 0.2814 0.1976
0.1198 0.1916 0.3533 0.3353
0.2515 0.1856 0.2156 0.3473

MOTIF filter4
letter-probability matrix: alength= 4 w= 12 nsites= 135
0.1799 0.3669 0.0576 0.3957
0.0360 0.1151 0.0144 0.8345
0.0288 0.2014 0.1151 0.6547
0.3022 0.0144 0.5324 0.1511
0.6259 0.3165 0.0072 0.0504
0.7554 0.0144 0.1367 0.0935
0.4173 0.1727 0.1799 0.2302
0.0647 0.0647 0.7338 0.1367
0.2014 0.1295 0.6043 0.0647
0.3094 0.1367 0.4245 0.1295
0.3094 0.0719 0.4101 0.2086
0.3525 0.1223 0.2374 0.2878

MOTIF filter5
letter-probability matrix: alength= 4 w= 12 nsites= 78
0.1707 0.2317 0.1951 0.4024
0.1951 0.1585 0.0366 0.6098
0.3780 0.0488 0.5610 0.0122
0.0122 0.1951 0.0244 0.7683
0.1220 0.0366 0.0366 0.8049
0.0488 0.0488 0.0366 0.8659
0.0732 0.6585 0.0366 0.2317
0.0366 0.8171 0.0610 0.0854
0.0732 0.0122 0.0854 0.8293
0.1098 0.1341 0.6707 0.0854
0.3537 0.1098 0.0488 0.4878
0.1951 0.1707 0.3293 0.3049

MOTIF filter6
letter-probability matrix: alength= 4 w= 12 nsites= 190
0.2938 0.1186 0.1392 0.4485
0.3351 0.1649 0.3505 0.1495
0.2113 0.0103 0.5722 0.2062
0.1804 0.0103 0.3402 0.4691
0.0361 0.0773 0.7732 0.1134
0.0052 0.0876 0.7268 0.1804
0.2062 0.1959 0.5825 0.0155
0.1031 0.2680 0.5258 0.1031
0.0258 0.6753 0.1856 0.1134
0.1082 0.7423 0.0928 0.0567
0.0928 0.4227 0.0567 0.4278
0.3299 0.3402 0.0979 0.2320

MOTIF filter7
letter-probability matrix: alength= 4 w= 12 nsites= 102
0.1981 0.2358 0.1321 0.4340
0.1132 0.5660 0.2075 0.1132
0.1604 0.0943 0.1415 0.6038
0.2736 0.2925 0.3868 0.0472
0.0094 0.1132 0.0472 0.8302
0.0377 0.2547 0.0566 0.6509
0.0094 0.3962 0.3962 0.1981
0.2075 0.3302 0.0566 0.4057
0.2170 0.2736 0.0755 0.4340
0.1509 0.6698 0.1132 0.0660
0.3113 0.0283 0.0094 0.6509
0.8585 0.0094 0.0094 0.1226

MOTIF filter8
letter-probability matrix: alength= 4 w= 12 nsites= 241
0.4122 0.1510 0.1265 0.3102
0.1714 0.2286 0.1796 0.4204
0.3184 0.1633 0.1061 0.4122
0.4163 0.2082 0.2041 0.1714
0.6816 0.0857 0.1837 0.0490
0.1673 0.1184 0.1224 0.5918
0.3265 0.0367 0.2612 0.3755
0.0122 0.0408 0.0327 0.9143
0.0245 0.9224 0.0082 0.0449
0.0041 0.8245 0.0245 0.1469
0.1633 0.1592 0.1347 0.5429
0.0898 0.2490 0.4204 0.2408

MOTIF filter10
letter-probability matrix: alength= 4 w= 12 nsites= 105
0.1835 0.1927 0.1651 0.4587
0.1651 0.1284 0.4587 0.2477
0.5872 0.1835 0.0550 0.1743
0.4220 0.1193 0.3028 0.1560
0.4495 0.0642 0.3394 0.1468
0.1743 0.2936 0.0734 0.4587
0.0092 0.0367 0.2110 0.7431
0.0092 0.8991 0.0459 0.0459
0.1743 0.0367 0.7156 0.0734
0.4312 0.4404 0.0734 0.0550
0.0734 0.3945 0.2385 0.2936
0.2844 0.3303 0.1468 0.2385

MOTIF filter11
letter-probability matrix: alength= 4 w= 12 nsites= 25
0.0345 0.7931 0.0690 0.1034
0.0345 0.1724 0.7586 0.0345
0.0690 0.6552 0.2069 0.0690
0.0690 0.0690 0.7931 0.0690
0.4138 0.1379 0.3793 0.0690
0.0690 0.4138 0.1724 0.3448
0.1379 0.5862 0.1379 0.1379
0.2414 0.2414 0.4138 0.1034
0.2759 0.3448 0.2414 0.1379
0.1724 0.3793 0.1034 0.3448
0.1379 0.6897 0.1379 0.0345
0.1379 0.1724 0.5517 0.1379

MOTIF filter12
letter-probability matrix: alength= 4 w= 12 nsites= 175
0.3352 0.2067 0.1844 0.2737
0.1676 0.4469 0.1006 0.2849
0.3017 0.4581 0.1285 0.1117
0.2570 0.3296 0.3855 0.0279
0.2458 0.0950 0.4972 0.1620
0.4078 0.3520 0.2067 0.0335
0.3017 0.1229 0.3855 0.1899
0.4525 0.0335 0.3184 0.1955
0.0112 0.0223 0.0056 0.9609
0.0056 0.0391 0.9330 0.0223
0.9162 0.0112 0.0670 0.0056
0.0950 0.2570 0.4581 0.1899

MOTIF filter13
letter-probability matrix: alength= 4 w= 12 nsites= 454
0.1965 0.2926 0.2882 0.2227
0.2293 0.2555 0.2664 0.2489
0.1201 0.4825 0.1834 0.2140
0.0852 0.3013 0.0808 0.5328
0.0022 0.1550 0.1856 0.6572
0.0415 0.2838 0.3515 0.3231
0.0066 0.7533 0.2205 0.0197
0.0306 0.8974 0.0022 0.0699
0.5655 0.0022 0.0459 0.3865
0.0611 0.2118 0.1900 0.5371
0.1223 0.2598 0.2249 0.3930
0.2031 0.2773 0.2882 0.2314

MOTIF filter14
letter-probability matrix: alength= 4 w= 12 nsites= 197
0.2438 0.1891 0.2935 0.2736
0.2488 0.1244 0.4328 0.1940
0.4577 0.0647 0.3881 0.0896
0.4129 0.3433 0.1592 0.0846
0.8308 0.0100 0.0149 0.1443
0.0746 0.0100 0.9104 0.0050
0.0199 0.0050 0.9502 0.0249
0.9602 0.0299 0.0050 0.0050
0.7463 0.1343 0.0597 0.0597
0.6816 0.0348 0.1891 0.0945
0.3383 0.0896 0.1642 0.4080
0.3532 0.1592 0.2438 0.2438

MOTIF filter15
letter-probability matrix: alength= 4 w= 12 nsites= 543
0.2614 0.2212 0.3035 0.2139
0.4881 0.2121 0.2450 0.0548
0.0146 0.0384 0.0512 0.8958
0.0676 0.0128 0.8080 0.1115
0.8245 0.0823 0.0658 0.0274
0.0293 0.2742 0.6563 0.0402
0.0037 0.0018 0.0037 0.9909
0.1554 0.8099 0.0219 0.0128
0.9580 0.0073 0.0146 0.0201
0.0128 0.3620 0.1920 0.4333
0.1846 0.3766 0.0969 0.3419
0.1682 0.3419 0.2797 0.2102

